7.112963783537221696e-01,1.560677225654063527e-01,7.451366692012384441e-01
8.697527944951147783e-01,8.679994408063939071e-01,4.187306638784538126e-02
4.865526008479691966e-01,4.801400644320400479e-01,8.007831426752909376e-02
5.536622880885228026e-01,3.995714470296504173e-01,3.925440625698882746e-01
1.142419356773475725e+00,8.026371372686170735e-01,5.829084143369853699e-01
1.456892703868928773e+00,5.258637935273874353e-01,9.648983937915646125e-01
4.703183849677392003e-01,4.609438979004246706e-01,9.682193484595580379e-02
9.821069390699042057e-01,9.186794725985393262e-01,2.518481019808663790e-01
8.809185884142363143e-01,5.728755007026771207e-01,5.550162949964254633e-01
7.357688941787138281e-01,9.840185236662890578e-02,7.983527051448406908e-01
1.001784224257528999e+00,5.236756687884299710e-01,6.914539431293301730e-01
1.385694111676578633e-01,4.234599891985335596e-02,3.101989881476154842e-01
6.892539912900120802e-01,6.655032879909603682e-01,1.541126318607649592e-01
7.474245949529467747e-01,3.313726926627114100e-01,6.450208541514261817e-01
3.156901237424510898e-01,1.324372163222806709e-01,4.280804917537943677e-01
8.762518110217063505e-01,8.762109648447733434e-01,6.391101386539532747e-03
8.168660582104750878e-01,4.931843764533417884e-01,5.689302960443689550e-01
7.272995627445015820e-01,6.468799141478841497e-01,2.835835830872750485e-01
1.101506023410859791e+00,9.444547539778795908e-01,3.962969460303474856e-01
4.058682430167463440e-01,1.054495075268868653e-02,6.287473994093794039e-01
1.221744782355905334e+00,2.495258512392692918e-01,9.860116282867236182e-01
4.961732134615083334e-01,3.606421172679432630e-01,3.681454823756025174e-01
7.073510113065404337e-01,6.762462272681010189e-01,1.763654842604964745e-01
1.140823748504185664e+00,8.377578211383391871e-01,5.505142390218862314e-01
7.987290960236769211e-01,2.352428982983568728e-01,7.506571772289398758e-01
2.475468597237948376e-01,2.221224540933062208e-01,1.594503233941173548e-01
8.914423365156671775e-01,8.488276691317546696e-01,2.064332032012111684e-01
7.016516295321514329e-01,7.012814407117629045e-01,1.924029158793016947e-02
1.031417860882491766e+00,4.704134643907430524e-01,7.490022673475353887e-01
9.132819771451168300e-01,9.130938446514090812e-01,1.371613989822650925e-02
1.065598632444562543e+00,9.565467917103208650e-01,3.302299815798706017e-01
1.289667786902184199e+00,4.307159037987418060e-01,9.267965705069491911e-01
1.073213334608923653e+00,7.501803755210283420e-01,5.683598851853421952e-01
7.076658830711790582e-01,5.315350794875812745e-01,4.196794057177427595e-01
6.064020458998566898e-01,8.515084458644572862e-04,7.781712777107571144e-01
6.826848040446554799e-01,6.243594670741070551e-02,7.875587961144518978e-01
1.148165311513163589e+00,8.655697643465846136e-01,5.315971662514568097e-01
4.325449162302117956e-01,1.527996369162364365e-01,5.289095190237885769e-01
5.729074743432332334e-02,1.240925599391973222e-02,2.118525228558857387e-01
9.550987454002516364e-01,9.334974269027335181e-01,1.469738701181884100e-01
2.686320090111761205e-01,2.152396132536061879e-01,2.310679461923914602e-01
8.031794530856698477e-01,1.585967407896970993e-01,8.028590862012914275e-01
8.789363546623560342e-02,2.637999822043002318e-02,2.480194291699857612e-01
1.018916865254458681e+00,7.906429569321725692e-01,4.777801882898516928e-01
1.638370194538514735e+00,9.642389430177964460e-01,8.210549625455767497e-01
1.377225256993412472e+00,5.654146582417437505e-01,9.010053267054910497e-01
9.758415845254870824e-01,4.973313984543148436e-01,6.917443068585185095e-01
5.296872882443489639e-01,5.294361834996572647e-01,1.584628488610784203e-02
4.393732267458393959e-01,4.093016146827420654e-01,1.734116837560184532e-01
6.713333213405958677e-01,3.196538796593499931e-01,5.930256669666549296e-01
1.379742926541263515e+00,6.165280627116610512e-01,8.736216937723115805e-01
1.737434636364573404e+00,9.448574361938480992e-01,8.902680496180492842e-01
8.353236228979654676e-01,7.675972198737882612e-01,2.602429692118063409e-01
1.046871352756391982e+00,9.975583439057341684e-01,2.220653256378802842e-01
5.450811490493299161e-01,2.436987185173523640e-01,5.489830876556923700e-01
1.227717416093595748e+00,6.285574164314983170e-01,7.740542614456026316e-01
7.124389639999699764e-01,3.853649725190370079e-01,5.719038306227132162e-01
6.639232020632079845e-01,5.310039148539852372e-01,3.645809748316863885e-01
4.611697534233578089e-01,4.543847516149640553e-01,8.237112241795530032e-02
7.143451945906797995e-01,5.790139448346601769e-01,3.678739590620945243e-01
9.834790204480378106e-01,4.696882326951516973e-01,7.167920115018624472e-01
3.826923701585130955e-01,3.794012333641670898e-01,5.736843029355098711e-02
3.993393862743623290e-01,3.926019275666399189e-01,8.208202426671984409e-02
1.346304529463080879e+00,9.447467009438318408e-01,6.336859068333846601e-01
1.223522657911294109e+00,2.307486994516780854e-01,9.963804285811800332e-01
7.995005065619266160e-01,1.750537756102740206e-01,7.902194194979345054e-01
1.022876884466316305e+00,8.584253867766266088e-01,4.055261985244477119e-01
5.471047680572985739e-01,5.239754800056283246e-01,1.520831616309651357e-01
1.312124627371434427e+00,9.155065161736555268e-01,6.297762389911030212e-01
1.027100845692851649e+00,7.336335177730644030e-01,5.417262481362586923e-01
9.834929048083167480e-01,7.482884214248373134e-01,4.849788483877203182e-01
9.605653330352016406e-01,9.566976979913469625e-01,6.219031310304401483e-02
8.136535248762289951e-01,5.508557678833615467e-01,5.126380370133174491e-01
2.856269285256165524e-01,2.539211967203889309e-01,1.780610339328277947e-01
6.065276253604988677e-01,2.972019857786232233e-01,5.561705130460222746e-01
9.360123643844897590e-01,4.013903088382707596e-01,7.311785387620584054e-01
1.675775060362592328e-01,1.169318716639382583e-01,2.250458494892118022e-01
6.250353472690937107e-01,2.955968776780918406e-01,5.739673070750649364e-01
3.498933573535453201e-01,2.880753695849143092e-01,2.486322339694332362e-01
5.424329104933948154e-01,5.293709948426623679e-01,1.142887380748095483e-01
6.398458841264728081e-01,6.050088820132339951e-01,1.866467307863676206e-01
5.238844495350633013e-01,4.894467289936237364e-01,1.855740298140867717e-01
5.863972150629922497e-01,4.452946319608805936e-01,3.756362377382028717e-01
3.580028838982396433e-02,2.535743614234331478e-02,1.021902747206437923e-01
3.004534526725176624e-01,7.989761414317086974e-02,4.696337280576713402e-01
7.506092705012088473e-01,7.291643218576164820e-01,1.464409390969354519e-01
1.303060300941007443e-01,7.755200909514359253e-02,2.296824351119544083e-01
8.324500482136182322e-01,7.885006243173799945e-01,2.096411789134907666e-01
6.551492981724728049e-01,1.952086488928563845e-01,6.781892429695537405e-01
7.253824423720310888e-01,5.561146090064216230e-01,4.114217220390891105e-01
3.351253115607378819e-01,1.685530694338955859e-01,4.081326281086116170e-01
7.480763914552948091e-01,7.044695744425905071e-01,2.088224533250778725e-01
7.250635322108918146e-01,4.312328057479777321e-01,5.420615522825005250e-01
4.580688388681090073e-01,3.431173779534107959e-01,3.390449246260710536e-01
7.787770755123347710e-01,7.188825814439379069e-01,2.447335164385884276e-01
1.054825593809911144e+00,2.370440827110357196e-01,9.043127285949675853e-01
1.943939928505788728e-01,7.894233846387022080e-02,3.397817746535394257e-01
5.929731342520651038e-01,4.715493271008628362e-01,3.484591900799894892e-01
1.649651471764817856e+00,7.945805461339464637e-01,9.247004518387947902e-01
3.960166041225674505e-01,2.680205561325273989e-01,3.577653532555102878e-01
1.201942836941243709e+00,9.981675001709716666e-01,4.514148167376343945e-01
4.731060513645809484e-01,4.728148233835657299e-01,1.706540304285930620e-02
6.630057524592781748e-01,8.373110706821207394e-02,7.611009429708165408e-01
8.239706560354873588e-01,5.339275703623951319e-01,5.385564832708750194e-01
9.845888264626886377e-01,9.297626045667125583e-01,2.341499987101774982e-01
3.010437585657525505e-01,3.004178478733735558e-01,2.501820721752479049e-02
6.784371211760450437e-01,6.167198297160069176e-01,2.484296509276582299e-01
1.427104074221462238e+00,7.878471357758388693e-01,7.995354516502838349e-01
6.810191616693230809e-01,6.356276003824820053e-01,2.130529541847309138e-01
4.320529288143092339e-01,3.555014024066306400e-01,2.766794650993792404e-01
1.121566707370302840e+00,1.245805481923991653e-01,9.984919424701952373e-01
7.838758805878418556e-01,4.700595079912246455e-01,5.601931565064118823e-01
9.838374780492491478e-01,1.340651000202242038e-01,9.218309921178745592e-01
1.454740333439125344e+00,7.205330392224746916e-01,8.568589698524784470e-01
8.761088305817842370e-01,8.548619165124898833e-01,1.457632123318307604e-01
1.471704563864059567e+00,6.533863455812238819e-01,9.046094285838699456e-01
9.792495707932384885e-01,8.363601194398071481e-01,3.780072107161863704e-01
1.616932894855167779e+00,6.863352090989329746e-01,9.646749119554394181e-01
3.360709225186671589e-01,3.290885840125059580e-01,8.356038837966939248e-02
4.213289863560480963e-01,4.129351978315392024e-01,9.161762125546002444e-02
3.578397741106089658e-01,3.531018495397082457e-01,6.883258364249233985e-02
1.306935530448760652e+00,9.427068537612556254e-01,6.035136093639520416e-01
7.266072430652803504e-01,5.873555979711742037e-01,3.731643673960660657e-01
8.168484416492183264e-01,9.510012888339669512e-02,8.495577159709760684e-01
9.494865814387226655e-01,8.672742417501201340e-01,2.867269427322841624e-01
9.831226922498361720e-01,8.979171288898629699e-01,2.918999201095697771e-01
1.474620656131308660e+00,8.823642834224518783e-01,7.695819467144852100e-01
1.277732994963170166e+00,7.770534079496611568e-01,7.075871585985071821e-01
1.996188271858359842e-01,7.960689993614167292e-02,3.464273765880726552e-01
1.521523113810768990e+00,9.275531179141495164e-01,7.706944893384274353e-01
6.466972121453625766e-01,6.275192665451621021e-01,1.384844597787073806e-01
6.738647480509486476e-01,6.432878762745053436e-01,1.748624367222512133e-01
1.081842682253532084e+00,9.122032411117181327e-01,4.118730886350964182e-01
8.594719422885174209e-01,7.720667957583743357e-01,2.956436140527021195e-01
9.807223764263297561e-01,7.490680942716704260e-01,4.813047705504894802e-01
3.734540115185268072e-01,5.859739367366900709e-02,5.611208585009630490e-01
1.279683018118926263e+00,9.227077244446431070e-01,5.974740945633401079e-01
8.817353765656781306e-01,7.984597057350802940e-01,2.885752429273825692e-01
1.737957610288712207e+00,9.231104984251352619e-01,9.026888233846571685e-01
1.432758847996600526e-01,7.358694885473482383e-02,2.639866207687905364e-01
5.576460014812445465e-01,3.220233885997364487e-01,4.854097371103180958e-01
7.912522070479303116e-01,4.502000862362739442e-01,5.839966787676590387e-01
1.526576328682235806e+00,8.772483507892748777e-01,8.058088966330422265e-01
4.108375418695353609e-01,5.362773856845726161e-02,5.976703132171432564e-01
1.655346928299286369e-01,4.781688010634610464e-03,4.009401511688421849e-01
9.355761229929406841e-01,9.223120780281337527e-01,1.151696356024753953e-01
1.471061076890860964e+00,9.978864631260654372e-01,6.878768885235173602e-01
3.548185536296598608e-01,3.474903302241508785e-01,8.560504310792094174e-02
1.193049277453645862e+00,7.952904847198923877e-01,6.306812132399010062e-01
5.794937613207269411e-01,1.819280723241450959e-01,6.305281032567714439e-01
2.991752887680996786e-01,4.400291307609949243e-02,5.051458954519972844e-01
1.031638914760717007e+00,9.056328983785517650e-01,3.549732615031240268e-01
6.588505948318222893e-01,7.536916844746788247e-02,7.638595593329668976e-01
1.036315515696222267e-01,8.717010749424680682e-02,1.283021592779147735e-01
6.285617514549285412e-01,4.446297021318436071e-01,4.288729990604268627e-01
1.129166073055899000e+00,9.725356256189016113e-01,3.957656471158118583e-01
3.552231845688378908e-01,3.304062959918614428e-01,1.575337696399614629e-01
5.041331728641258447e-01,4.419838991297571074e-01,2.492975606265908084e-01
1.045351626158583569e+00,9.087666928929039045e-01,3.695739888921832916e-01
4.938646215705445042e-01,4.229669419711202805e-01,2.662661818545949410e-01
3.499448949100755213e-01,2.140095312661033367e-01,3.686941329123263333e-01
8.571035224671856856e-01,7.802307983220159171e-01,2.772593084914730666e-01
7.435287969028219202e-01,7.389785430980368997e-01,6.745556911616013007e-02
8.916597531165582069e-01,8.559049494921568968e-01,1.890894064309295297e-01
9.480335778128208268e-01,7.859576829782916052e-01,4.025865060263809081e-01
6.128451949220682371e-01,2.556809279323114525e-01,5.976322171618233536e-01
4.786080838237044000e-01,3.546117762525781147e-01,3.521310942974594793e-01
1.203889782136837949e+00,3.625951049279280136e-01,9.172211713697574487e-01
6.410106494040601621e-02,5.817986988317136454e-02,7.694930186320503296e-02
1.647997983552081047e+00,6.633253422109331998e-01,9.923067274493042600e-01
8.569028491801091718e-01,7.817866138167578471e-01,2.740734123612710293e-01
9.918534365734972269e-01,9.377687901509126345e-01,2.325610595576665940e-01
7.538797869536542073e-01,7.531007769576725241e-01,2.791075054493752372e-02
4.736751351699858836e-01,3.338854704680879193e-01,3.738845606626435281e-01
3.133901811862994102e-01,3.517903128952526437e-02,5.274572493546506591e-01
9.359187376718427487e-01,5.900017097481167205e-01,5.881471141846451589e-01
9.629938451687712897e-01,9.006886179445727780e-02,9.343045453032506886e-01
9.138291560487434850e-01,4.892352460530997593e-01,6.516087092693311211e-01
1.240082208205286252e+00,9.480421602295258099e-01,5.404072982258477653e-01
1.300897355601837724e+00,4.427409388664176326e-01,9.263673227912457842e-01
7.154297581123608696e-01,2.187597807208757628e-01,7.047481659369431162e-01
1.090237940217160473e+00,9.672449907556076587e-01,3.507035064859672646e-01
4.764927637249522507e-01,2.972422672380862219e-01,4.233798489381208618e-01
2.857094947687012776e-01,1.080853477997001377e-02,5.243099846357412996e-01
6.089420325310087451e-02,5.528787322208861266e-02,7.487543008899688601e-02
1.514195847019331520e+00,9.408343753774559559e-01,7.572063600115067628e-01
1.288519896111092855e+00,6.240926299896306650e-01,8.151240801997339247e-01
8.020611315268793007e-01,2.938310398572342441e-01,7.129025821735007762e-01
1.276431691305624394e+00,6.986076575625751461e-01,7.601473763310961917e-01
8.510893412169699968e-01,8.236618476209520701e-01,1.656124801940297431e-01
3.849311359622005213e-01,2.135631751419168056e-01,4.139661348713004063e-01
5.798668551501446888e-01,5.306583272146576657e-01,2.218299527464382415e-01
5.345794714827015737e-01,1.202633984247333254e-01,6.436738871959684083e-01
1.315334037738361994e+00,9.703630574302510858e-01,5.873423025017957544e-01
2.168865356738678973e-01,2.138221359732349613e-01,5.535702033737854855e-02
8.592929501362081002e-01,5.894005770925135890e-01,5.195116678609773553e-01
1.062552967545355109e+00,6.978287209144424796e-01,6.039240404478964930e-01
1.404206450729296840e+00,4.557745011727956097e-01,9.738747093730800719e-01
9.962030060730308056e-01,5.773797620773645223e-01,6.471655460511369640e-01
1.081556140632752294e+00,3.090295776690847873e-01,8.789349025745123445e-01
