1.612260935542496445e+05,1.200000000000000000e+01,1.400000000000000000e+01
-4.652366831001329422e+08,2.000000000000000000e+01,5.000000000000000000e+00
-3.804878524108892772e+06,1.600000000000000000e+01,3.500000000000000000e+01
1.767665619166970847e+00,1.000000000000000000e+00,1.500000000000000000e+01
1.001323384797124731e+03,9.000000000000000000e+00,4.700000000000000000e+01
3.010687667471262330e+01,4.000000000000000000e+00,3.200000000000000000e+01
1.168592691457955635e+19,4.400000000000000000e+01,2.000000000000000000e+00
-4.778489102963312531e+10,2.500000000000000000e+01,2.900000000000000000e+01
7.260981294084570885e+09,2.300000000000000000e+01,4.000000000000000000e+01
5.778529617778497748e+06,1.600000000000000000e+01,1.500000000000000000e+01
1.784665695523256361e+08,1.900000000000000000e+01,3.300000000000000000e+01
3.151692878777217200e+16,3.800000000000000000e+01,8.000000000000000000e+00
-4.793585559740657806e+08,2.000000000000000000e+01,3.000000000000000000e+01
1.622967921044150813e+21,4.900000000000000000e+01,4.500000000000000000e+01
2.106558167397830402e+04,1.000000000000000000e+01,2.700000000000000000e+01
-1.313650773982824926e+00,5.000000000000000000e+00,2.200000000000000000e+01
8.233812580809859375e+13,3.400000000000000000e+01,3.000000000000000000e+00
1.438195851432361394e+00,1.000000000000000000e+00,3.400000000000000000e+01
9.971657091307174596e+02,7.000000000000000000e+00,2.000000000000000000e+00
-2.493052718337387200e+16,3.900000000000000000e+01,1.600000000000000000e+01
-5.203189744464124146e+11,2.900000000000000000e+01,2.500000000000000000e+01
-2.546657557772277832e+10,2.400000000000000000e+01,1.700000000000000000e+01
-6.345832463962755840e+17,4.100000000000000000e+01,3.600000000000000000e+01
6.376723126854100800e+16,4.000000000000000000e+01,2.800000000000000000e+01
-8.166927470652858040e+20,4.900000000000000000e+01,3.500000000000000000e+01
5.327523451547479375e+14,3.600000000000000000e+01,4.700000000000000000e+01
-1.353753247441131680e+05,1.200000000000000000e+01,4.300000000000000000e+01
-3.560131273308163574e+12,2.900000000000000000e+01,2.400000000000000000e+01
-3.590936248607078912e+18,4.400000000000000000e+01,6.000000000000000000e+00
6.574686254226653290e+10,2.700000000000000000e+01,4.700000000000000000e+01
-4.294347201511288993e+06,2.000000000000000000e+01,2.200000000000000000e+01
-1.167706387204051250e+14,3.300000000000000000e+01,1.000000000000000000e+01
-7.277629224846125453e+02,7.000000000000000000e+00,2.900000000000000000e+01
-7.401471256762405396e+09,2.400000000000000000e+01,6.000000000000000000e+00
-3.076671475477808594e+12,3.000000000000000000e+01,1.600000000000000000e+01
-1.426840389231387576e+02,5.000000000000000000e+00,1.700000000000000000e+01
5.652775927965903094e+20,4.900000000000000000e+01,3.800000000000000000e+01
-6.749268157611758448e+06,1.700000000000000000e+01,6.000000000000000000e+00
-7.739217161985310959e+05,1.400000000000000000e+01,3.700000000000000000e+01
9.800096269389318144e+18,4.400000000000000000e+01,2.600000000000000000e+01
9.391996601739971161e+09,2.300000000000000000e+01,3.900000000000000000e+01
-1.539486044844706800e+16,4.200000000000000000e+01,2.200000000000000000e+01
-6.567939588314148438e+13,3.200000000000000000e+01,4.300000000000000000e+01
-5.440211108893697745e-01,0.000000000000000000e+00,1.000000000000000000e+01
5.514266812416905861e-01,0.000000000000000000e+00,3.200000000000000000e+01
9.636938255063945312e+12,3.000000000000000000e+01,4.600000000000000000e+01
1.432354286799947295e+04,1.000000000000000000e+01,1.500000000000000000e+01
3.836039535411310264e-01,1.000000000000000000e+00,3.000000000000000000e+00
-5.468988633084016418e+10,2.600000000000000000e+01,6.000000000000000000e+00
-1.161484876847441541e+02,6.000000000000000000e+00,1.600000000000000000e+01
4.900038433470527641e+06,1.600000000000000000e+01,3.200000000000000000e+01
-2.658355963437327052e+00,3.000000000000000000e+00,2.500000000000000000e+01
1.531639591319683547e+01,3.000000000000000000e+00,2.600000000000000000e+01
3.408747127270258032e+06,1.700000000000000000e+01,3.000000000000000000e+00
-1.390427914222915039e+12,2.800000000000000000e+01,1.700000000000000000e+01
7.199855283328204346e+10,2.500000000000000000e+01,3.300000000000000000e+01
1.058610032690439453e+13,3.000000000000000000e+01,1.400000000000000000e+01
1.950654401702327728e+10,2.500000000000000000e+01,2.800000000000000000e+01
3.638073850777662983e+02,6.000000000000000000e+00,4.600000000000000000e+01
-3.590936248607078912e+18,4.400000000000000000e+01,6.000000000000000000e+00
0.000000000000000000e+00,2.800000000000000000e+01,0.000000000000000000e+00
-1.635828747543243766e+08,1.900000000000000000e+01,4.200000000000000000e+01
-5.843422987881762695e+11,2.800000000000000000e+01,3.100000000000000000e+01
0.000000000000000000e+00,2.100000000000000000e+01,0.000000000000000000e+00
7.975047331845983887e+11,2.800000000000000000e+01,3.200000000000000000e+01
5.970444098202830553e+07,1.800000000000000000e+01,2.000000000000000000e+00
1.697115262741641491e+05,1.400000000000000000e+01,3.000000000000000000e+00
2.001738067331875648e+00,2.000000000000000000e+00,2.800000000000000000e+01
7.499237952170310915e+07,1.900000000000000000e+01,1.300000000000000000e+01
0.000000000000000000e+00,1.800000000000000000e+01,0.000000000000000000e+00
1.779764302072388000e+11,2.600000000000000000e+01,2.000000000000000000e+00
-1.415494441984959906e+02,5.000000000000000000e+00,4.900000000000000000e+01
1.114325357741087305e+13,3.200000000000000000e+01,3.000000000000000000e+00
1.470191670889254851e+02,5.000000000000000000e+00,1.400000000000000000e+01
4.879180629757343360e+17,4.100000000000000000e+01,2.600000000000000000e+01
-2.365828882105492767e+20,4.700000000000000000e+01,4.200000000000000000e+01
7.820389425132082542e+05,1.400000000000000000e+01,1.500000000000000000e+01
-5.053072912574067000e+15,3.800000000000000000e+01,4.100000000000000000e+01
2.624031922772271347e+10,2.400000000000000000e+01,1.400000000000000000e+01
5.693187458927728528e+01,6.000000000000000000e+00,3.000000000000000000e+00
5.006956432390128821e+07,1.800000000000000000e+01,2.600000000000000000e+01
4.467776652203054937e+02,8.000000000000000000e+00,1.900000000000000000e+01
-1.704676020970505524e+10,2.400000000000000000e+01,3.700000000000000000e+01
-1.041515953819819167e+07,1.800000000000000000e+01,4.100000000000000000e+01
0.000000000000000000e+00,1.100000000000000000e+01,0.000000000000000000e+00
-5.207313042987096452e+01,4.000000000000000000e+00,4.900000000000000000e+01
6.116380631929768441e+01,5.000000000000000000e+00,9.000000000000000000e+00
-1.204624910588118000e+15,3.600000000000000000e+01,6.000000000000000000e+00
2.356967721206192538e+20,4.900000000000000000e+01,4.700000000000000000e+01
7.368262962217049600e+16,3.900000000000000000e+01,4.500000000000000000e+01
1.900874373614943273e+20,4.800000000000000000e+01,2.800000000000000000e+01
-1.927780093526671094e+13,3.100000000000000000e+01,2.900000000000000000e+01
0.000000000000000000e+00,2.100000000000000000e+01,0.000000000000000000e+00
-7.212588261021049651e+19,4.700000000000000000e+01,6.000000000000000000e+00
-1.960250031460763812e+08,2.000000000000000000e+01,3.100000000000000000e+01
4.800021870533205271e+08,2.000000000000000000e+01,8.000000000000000000e+00
0.000000000000000000e+00,1.800000000000000000e+01,0.000000000000000000e+00
7.860527802877368074e+20,4.900000000000000000e+01,9.000000000000000000e+00
-8.528757302244085760e+18,4.400000000000000000e+01,2.900000000000000000e+01
-1.914146535502441711e+11,2.800000000000000000e+01,2.500000000000000000e+01
1.568457875620751872e+18,4.200000000000000000e+01,4.600000000000000000e+01
-7.212588261021049651e+19,4.700000000000000000e+01,6.000000000000000000e+00
2.312995588512849476e+00,1.000000000000000000e+00,4.500000000000000000e+01
-2.732112228554956801e+03,8.000000000000000000e+00,4.200000000000000000e+01
3.373660706817474565e+05,1.300000000000000000e+01,2.600000000000000000e+01
-4.134144584222278500e+15,3.600000000000000000e+01,5.000000000000000000e+00
3.668442118522999500e+15,3.600000000000000000e+01,4.500000000000000000e+01
5.024232370768868147e+19,4.600000000000000000e+01,3.400000000000000000e+01
1.740299825113246918e+10,2.400000000000000000e+01,7.000000000000000000e+00
-3.560131273308163574e+12,2.900000000000000000e+01,2.400000000000000000e+01
5.587029915975596756e+07,1.800000000000000000e+01,4.500000000000000000e+01
-1.313650773982824926e+00,5.000000000000000000e+00,2.200000000000000000e+01
-1.784805530058224499e+08,1.900000000000000000e+01,1.100000000000000000e+01
-1.723796398227959435e+04,1.100000000000000000e+01,1.600000000000000000e+01
-9.382466293717603123e+19,4.600000000000000000e+01,3.000000000000000000e+01
-6.989255830627529297e+11,3.200000000000000000e+01,2.200000000000000000e+01
-6.503053937301234400e+16,3.900000000000000000e+01,1.800000000000000000e+01
-9.101339231239078799e+05,1.400000000000000000e+01,4.000000000000000000e+00
-2.198424191248412500e+13,3.100000000000000000e+01,4.000000000000000000e+00
-4.246218228997450880e+17,4.100000000000000000e+01,2.900000000000000000e+01
3.287566048226943500e+15,3.600000000000000000e+01,2.600000000000000000e+01
3.432789822815153116e+02,6.000000000000000000e+00,4.500000000000000000e+01
6.569865987187890610e-01,0.000000000000000000e+00,7.000000000000000000e+00
-1.551049002685394250e+15,3.700000000000000000e+01,2.500000000000000000e+01
3.989632417574293213e+05,1.300000000000000000e+01,4.600000000000000000e+01
-2.581659937563614949e+04,1.200000000000000000e+01,4.100000000000000000e+01
1.168592691457955635e+19,4.400000000000000000e+01,2.000000000000000000e+00
4.270737682676088000e+15,3.600000000000000000e+01,1.400000000000000000e+01
-5.864303491139127040e+17,4.100000000000000000e+01,4.200000000000000000e+01
-1.298928009607473450e+11,2.600000000000000000e+01,2.900000000000000000e+01
-5.468988633084016418e+10,2.600000000000000000e+01,6.000000000000000000e+00
6.397870977931694080e+17,4.100000000000000000e+01,3.300000000000000000e+01
-3.437659950707304001e+09,2.200000000000000000e+01,5.000000000000000000e+00
9.265935373870713636e+06,1.800000000000000000e+01,3.000000000000000000e+00
-1.273722828964099026e+05,1.300000000000000000e+01,1.600000000000000000e+01
-8.752108084362733364e+08,2.100000000000000000e+01,2.900000000000000000e+01
-2.138029577169877302e+05,1.700000000000000000e+01,2.200000000000000000e+01
7.944981857458783846e+19,4.600000000000000000e+01,2.100000000000000000e+01
2.876960491460647318e+05,1.300000000000000000e+01,1.500000000000000000e+01
4.594275907707916673e+01,4.000000000000000000e+00,1.000000000000000000e+00
-2.511437834349744488e+06,1.500000000000000000e+01,4.800000000000000000e+01
1.665470145186853333e+11,2.600000000000000000e+01,4.500000000000000000e+01
4.879180629757343360e+17,4.100000000000000000e+01,2.600000000000000000e+01
-5.390640071746176287e+20,4.800000000000000000e+01,4.800000000000000000e+01
-5.101939732048787231e+11,2.700000000000000000e+01,5.000000000000000000e+00
-5.461430393020479381e+07,1.800000000000000000e+01,4.300000000000000000e+01
-5.081567600030540625e+13,3.200000000000000000e+01,3.700000000000000000e+01
4.727422756965758976e+18,4.300000000000000000e+01,3.300000000000000000e+01
-5.556280562152105570e+07,1.800000000000000000e+01,2.300000000000000000e+01
-9.917788534431157821e-01,0.000000000000000000e+00,3.600000000000000000e+01
5.466181332028278121e+04,1.100000000000000000e+01,2.000000000000000000e+01
-2.540106222482344055e+10,2.400000000000000000e+01,5.000000000000000000e+00
2.566356300927171200e+16,3.900000000000000000e+01,3.800000000000000000e+01
-3.159403947343242000e+16,3.800000000000000000e+01,3.600000000000000000e+01
1.697115262741641491e+05,1.400000000000000000e+01,3.000000000000000000e+00
8.112532397138468921e+06,1.600000000000000000e+01,2.000000000000000000e+01
-1.034273215157927573e+07,1.700000000000000000e+01,3.500000000000000000e+01
3.550451306162758414e+01,4.000000000000000000e+00,1.500000000000000000e+01
-6.257378278014785280e+17,4.300000000000000000e+01,2.500000000000000000e+01
1.733373060084204480e+17,4.100000000000000000e+01,2.800000000000000000e+01
3.955573549187391488e+18,4.300000000000000000e+01,2.100000000000000000e+01
-2.581659937563614949e+04,1.200000000000000000e+01,4.100000000000000000e+01
1.570767205521968380e+07,1.700000000000000000e+01,1.500000000000000000e+01
3.268729241631559096e+06,1.500000000000000000e+01,3.300000000000000000e+01
-1.381313286724926094e+14,3.300000000000000000e+01,3.700000000000000000e+01
4.495509346318473000e+15,3.800000000000000000e+01,3.000000000000000000e+00
-7.131464578693276467e+19,4.600000000000000000e+01,1.800000000000000000e+01
-4.000794225680361472e+18,4.300000000000000000e+01,2.300000000000000000e+01
-1.259594674945294800e+11,2.600000000000000000e+01,3.700000000000000000e+01
2.192669149923549194e+11,2.700000000000000000e+01,9.000000000000000000e+00
1.999455454243036211e+08,2.000000000000000000e+01,9.000000000000000000e+00
1.442157951099518500e+15,3.500000000000000000e+01,2.000000000000000000e+00
8.845858696823985938e+13,3.300000000000000000e+01,9.000000000000000000e+00
-2.904856517681110547e+13,3.100000000000000000e+01,1.100000000000000000e+01
-9.873301693324308480e+18,4.400000000000000000e+01,4.800000000000000000e+01
3.764511145614850102e+05,1.300000000000000000e+01,4.500000000000000000e+01
-4.040376453230650200e-01,0.000000000000000000e+00,3.100000000000000000e+01
-3.076671475477808594e+12,3.000000000000000000e+01,1.600000000000000000e+01
-4.111848524721439000e+15,3.600000000000000000e+01,4.900000000000000000e+01
-3.423933316127572632e+11,2.700000000000000000e+01,3.700000000000000000e+01
4.287201410257576754e+03,9.000000000000000000e+00,3.400000000000000000e+01
-2.416209945396801953e+13,3.100000000000000000e+01,4.300000000000000000e+01
1.241100415526065626e+05,1.200000000000000000e+01,2.600000000000000000e+01
7.869501518000631836e+12,3.100000000000000000e+01,2.800000000000000000e+01
5.923697586542799399e+04,1.100000000000000000e+01,8.000000000000000000e+00
9.406925748605696410e+19,4.600000000000000000e+01,1.400000000000000000e+01
-3.796914240277916193e+08,2.100000000000000000e+01,1.600000000000000000e+01
-3.446526218877716064e+09,2.200000000000000000e+01,1.700000000000000000e+01
-1.748124233034787455e+21,4.900000000000000000e+01,4.200000000000000000e+01
-2.362244489395527169e+07,1.900000000000000000e+01,2.500000000000000000e+01
-5.502832444263408640e+18,4.400000000000000000e+01,3.500000000000000000e+01
-5.915754548003306991e+04,1.100000000000000000e+01,3.000000000000000000e+01
-1.173682881809027539e+13,3.100000000000000000e+01,3.100000000000000000e+01
5.187760663518655469e+13,3.200000000000000000e+01,7.000000000000000000e+00
-2.960351397534491494e+06,1.500000000000000000e+01,2.400000000000000000e+01
3.432789822815153116e+02,6.000000000000000000e+00,4.500000000000000000e+01
1.935630791485665938e+14,3.300000000000000000e+01,4.600000000000000000e+01
-5.813667773331951172e+12,3.000000000000000000e+01,1.000000000000000000e+01
9.175043154047739336e+02,7.000000000000000000e+00,2.100000000000000000e+01
3.176564278060208538e+19,4.500000000000000000e+01,2.000000000000000000e+00
